%% colors for plotting

teal = [0.2 0.8 0.8];
blue = [0 0.4470 0.7410];

orange = [0.8500 0.3250 0.0980];
yellow = [0.9290 0.6940 0.1250];